500
32
74
48
33
80
72
94
78
48
59
40
90
67
42
37
78
77
29
65
62
28
44
34
57
35
58
49
28
66
35
47
51
87
92
60
58
29
74
79
46
92
72
68
61
60
45
78
41
94
32
51
78
83
44
68
90
49
96
55
53
47
41
49
99
51
53
52
58
28
83
98
56
35
38
40
89
63
61
75
69
40
44
79
26
42
45
55
54
76
73
88
48
30
32
52
66
41
37
63
94
76
97
96
78
87
33
77
97
94
79
84
81
45
25
85
48
92
74
93
87
85
32
94
83
95
43
63
80
56
37
92
65
32
77
92
46
70
62
46
51
90
31
63
82
41
90
90
29
60
56
72
98
70
94
79
48
89
60
80
76
73
81
63
45
88
44
70
69
41
59
51
94
38
88
44
65
75
34
98
97
35
92
72
64
72
85
71
35
98
95
69
93
35
40
25
84
92
36
79
52
94
95
93
96
67
40
41
33
69
47
28
47
75
60
87
61
58
77
86
25
35
93
45
76
67
89
74
31
31
26
47
60
69
59
30
64
32
40
68
69
30
80
55
31
88
77
51
83
49
31
94
63
58
72
76
49
28
81
31
89
69
50
84
55
29
98
29
35
37
70
67
25
75
81
39
97
73
79
75
25
26
87
29
97
54
81
98
40
78
99
34
29
28
83
72
82
48
72
55
76
78
74
80
66
25
94
45
85
41
48
55
58
57
51
78
91
57
86
78
64
94
37
33
66
95
62
83
72
31
63
64
73
52
29
58
25
29
60
65
97
30
80
55
46
32
63
25
26
35
82
63
39
93
60
79
68
82
85
79
65
63
52
92
68
44
67
97
69
70
28
73
28
73
35
33
59
31
30
99
82
73
53
97
95
25
31
80
53
75
95
58
33
78
51
50
59
30
29
57
74
74
92
99
96
85
29
83
95
40
98
75
71
79
93
46
99
55
71
51
49
94
33
46
46
64
60
48
76
90
78
76
76
30
55
68
99
99
88
45
75
87
58
38
42
83
25
49
70
32
86
40
91
60
93
28
90
60
42
78
27
57
91
60
75
99
52
96
37
39
75
66
67
48
42
40
74
45
48
45
86
39
29
80
29
53
39
41
81
29
60
73
92
70
91
80
42
52
89
48
76
